-1,-1
596,598
-1,-1
3,13
222,1060
1851,757
-1,-1
220,1330
4572,1370
1745,621
-1,-1
692,331
-1,-1
-1,-1
4,4075
82,90
941,2175
-1,-1
-1,-1
-1,-1
2,31
10,36
1303,267
54,1279
1475,568
1589,0
3208,1619
1626,3246
3246,1509
1507,3126
3143,1144
1250,2764
2871,1566
1632,370
618,2001
2249,869
1482,315
316,1941
1950,480
720,2093
2341,838
861,2466
2479,917
889,2527
2507,865
833,2476
2449,478
424,2086
2036,357
0,1968
1605,3573
3212,313
4816,1917
314,3518
1916,5120
3516,314
4985,1783
1703,3503
3307,1603
0,3207
2145,5352
1351,1113
150,606
362,687
486,486
789,914
878,724
-1,-1
-1,-1
-1,-1
632,631
82,90
4314,1485
4630,2680
4428,1203
87,87
1144,4702
-1,-1
82,90
2819,117
3978,1018
362,2619
-1,-1
2747,1190
594,602
1933,251
-1,-1
-1,-1
257,-1
1330,1400
4741,9572
1146,223
360,1554
5156,3052
1075,5948
205,4214
2238,330
1759,1759
3491,3832
447,1261
-1,-1
-1,-1
1402,3278
880,83
1618,3133
2774,6059
1374,3875
3750,941
145,3029
9105,3670
1275,5128
1022,3369
1307,3453
1311,1833
4146,1246
5217,3429
-1,-1
-1,-1
-1,-1
8,-1
864,464
876,15
-1,-1
-1,-1
124,-1
5514,1295
1029,3417
3818,2712
1969,4955
1449,3036
1098,2603
5253,2913
7317,15537
1642,3399
1210,3721
2541,581
3565,1139
2408,824
3178,1538
3825,10380
5037,1015
6305,2283
9670,3789
-1,-1
1051,0
1699,1833
672,2006
1223,471
2820,2068
3072,6350
3031,1601
1462,183
1172,3748
8,19
2455,6789
4231,423
749,2328
126,51
647,2670
2291,453
3917,2079
2082,516
510,2167
2131,3788
3772,1639
1514,3271
3160,652
339,2287
1953,0
1271,3252
2909,315
548,1988
1418,2955
3044,1537
1724,3263
375,1639
0,1550
1622,397
564,2019
2197,971
971,244
507,1868
2133,646
972,2279
422,1037
2040,1067
1255,2685
2877,1507
1686,457
1038,2081
2661,1233
1570,0
662,1643
2293,1352
1544,2984
274,1581
2908,1626
1636,3263
666,1553
-1,-1
1174,678
516,1316
737,10
1656,873
1199,493
1400,617
1533,744
1,946
524,1228
645,1398
771,1503
935,0
509,1213
684,1386
911,0
1072,200
1134,343
1257,461
1375,534
1408,606
1440,640
1514,772
1585,889
6,906
131,1017
267,1074
387,1125
452,1219
544,1339
663,1399
791,1499
702,1363
1525,664
1506,651
1567,677
1574,795
0,839
103,41
539,671
903,4
108,48
315,197
450,448
0,823
38,911
163,964
193,1014
316,1096
369,1133
458,1236
526,1330
615,1450
707,1509
793,1569
3,17
609,191
1070,315
1065,257
1108,698
0,820
132,928
315,1054
380,1176
502,1233
640,1438
718,1616
823,1593
789,1565
314,483
19,1065
-1,-1
-1,-1
959,536
1498,84
0,1685
-1,-1
31,1394
1210,471
306,307
2588,1999
1630,69
583,3500
3787,2069
236,669
994,70
393,740
1352,1771
1154,728
2608,1407
6240,3095
766,3514
-1,-1
230,-1
-1,-1
-1,-1
-1,-1
-1,-1
416,1117
1500,2201
510,1836
147,948
423,106
1106,326
98,273
35,177
541,728
-1,-1
604,1209
-1,-1
-1,-1
-1,-1
2160,677
3819,2336
5275,3792
0,313
1490,756
1152,3232
8570,4277
10051,5758
1952,8710
-1,-1
-1,-1
-1,-1
-1,-1
1945,-1
4683,-1
6326,474
9243,3391
10706,4854
2600,7778
4061,9239
5307,10485
6719,1194
8449,2924
312,5847
1770,7305
10503,4671
11846,6014
3205,9017
4648,10460
6099,312
7499,1712
8993,3206
10436,4649
1120,5770
2889,7539
4325,8975
5766,808
7208,2250
1434,6567
2874,8007
4314,9447
5689,739
8636,3686
10081,5131
1442,6574
2885,8017
4144,9276
5753,360
7187,1794
10057,4664
1431,6096
4292,8957
5720,0
10007,4287
5381,9985
8227,2845
9653,4271
0,5698
1417,7115
2839,8537
5680,1055
6783,2158
8481,3856
0,5307
1418,6725
-1,-1
-1,-1
784,-1
2275,-1
3770,-1
346,110
623,1387
-1,-1
2324,3949
6340,7965
478,734
-1,-1
-1,-1
538,1023
-1,-1
-1,-1
2675,943
192,2424
1682,0
3170,1488
1169,2973
2664,952
525,2444
2019,83
3502,1566
1166,3048
2682,1144
541,2661
2051,175
3538,1662
943,3147
2435,4639
3922,1171
5410,2659
1173,4150
2668,894
1999,3899
3484,1170
951,2663
2436,109
3946,1619
1183,3118
2695,1080
110,2569
1612,4071
2915,249
4082,1416
662,3610
902,3131
3054,523
1296,4187
202,3520
2955,57
549,3045
4675,1740
2901,810
2326,4826
4813,2472
-1,-1
1177,994
1420,488
3651,1760
614,1784
537,1882
228,1333
468,1322
2110,777
769,2413
2410,631
0,2279
1633,3912
3257,5536
4883,331
6508,1956
8136,3584
9766,5214
1090,6841
2721,8472
4345,10096
5973,381
7593,2001
9213,3621
10836,5244
1088,6865
2708,8485
4330,10107
5972,660
1040,2322
2690,1000
4311,2621
6010,4320
1475,497
1238,220
716,0
408,1639
1,745
1634,384
742,1
441,1642
1,771
1630,301
687,1945
248,1518
1893,661
1325,221
632,1858
167,1237
1805,634
1234,193
632,1837
222,1321
1854,660
1329,247
662,1891
221,1327
1857,659
1449,248
750,2017
276,1645
1,719
1646,448
768,0
484,1653
28,768
1669,441
770,1
386,1645
1,744
1643,443
768,1
438,1637
27,769
1666,466
798,28
464,1656
29,801
1667,549
1025,139
633,1780
384,1324
29,769
1674,523
906,57
608,1758
167,1100
1810,661
1324,331
773,1
493,1638
56,886
1702,584
1102,168
664,1815
276,1298
1,770
1643,521
909,83
607,1724
141,1103
1,746
1647,549
1251,248
744,1
328,1685
247,1019
166,965
84,822
1,714
0,579
1802,2381
3445,687
665,2364
2318,4017
3990,1268
0,2959
1641,4600
3276,1
4922,1647
6574,3299
1261,4961
2897,0
4542,1645
6171,3274
1,4916
1641,6556
3321,86
4955,1720
1325,3359
2999,139
1,1762
1616,3377
3238,4999
4853,1398
272,3012
229,988
1687,2446
730,28
0,220
1634,603
1298,523
1209,331
1018,195
821,55
171,209
601,578
881,401
470,1238
328,1154
1955,2781
83,1564
2036,740
607,2436
2247,604
86,55
1,1267
1647,0
0,1641
1642,3283
3286,1329
1268,2967
2912,1273
1235,2912
2873,1209
1212,2855
2857,715
886,2366
2532,1241
1235,2880
2874,1268
1323,0
1,1640
1644,28
56,1680
1699,83
249,1721
1889,111
0,1802
1670,0
3311,1641
1321,3279
2962,666
634,2326
2276,606
617,2292
2257,607
603,2245
2260,559
606,2224
2259,641
582,2299
2229,442
83,2085
1726,28
3372,1674
1351,3313
2768,877
771,2738
2404,661
665,2306
2302,575
443,2227
2098,250
59,1899
1748,3588
3427,699
5068,2340
6743,4015
631,5653
2284,222
3928,1866
621,3499
2264,667
3910,2313
1329,3958
2973,5602
4618,1241
6256,2879
246,4518
1870,6142
3499,7771
5143,9415
6789,0
8426,1637
10068,3279
84,4970
1765,6651
3404,605
5038,2239
1021,3884
2658,0
4295,1637
282,3278
1922,4918
3575,277
5231,1933
221,3569
1866,5214
3511,748
5152,2389
988,4027
2669,5708
4322,974
5967,2619
990,4259
2641,5910
4281,938
5937,2594
962,4235
2610,5883
4276,220
5925,1869
206,3515
1879,5188
3517,6826
5176,1659
6813,3296
191,4973
1859,6641
3513,249
5155,1891
333,3529
1973,5169
3614,776
5261,2423
934,4064
2585,5715
4223,768
5883,2428
435,4069
2076,5710
3722,495
5364,2137
334,3787
1973,5426
3623,7076
5257,713
6903,2359
8550,4006
663,5645
2302,7284
3933,8915
5567,277
7212,1922
8845,3555
1367,5231
3011,6875
4663,808
6307,2452
665,4127
2304,5766
3949,276
5603,1930
7248,3575
1200,5204
2868,6872
4509,249
6159,1899
332,3537
1973,5178
3617,276
5253,1912
220,3559
1863,5202
3506,6845
5147,1210
6781,2844
718,4486
2362,6130
4018,7786
5658,613
7310,2265
56,3909
1694,30
3331,1667
28,3307
1685,4964
3326,6605
4967,660
6603,2296
28,3954
1662,5588
3306,221
4955,1870
6598,3513
1664,5177
3307,6820
4946,943
6584,2581
820,4217
2467,5864
4124,283
5751,1910
7384,3543
220,5194
1862,6836
3536,8510
5173,904
6831,2562
1242,4198
2863,5819
4484,7440
770,1380
2383,2993
3995,4605
5616,6226
-1,-1
1033,863
1081,814
2688,2421
646,646
2099,2099
4041,4041
5860,473
560,1683
2950,4073
1671,1671
3398,283
573,1919
2213,331
3855,1973
711,3607
2354,5250
3987,931
5635,2579
1335,4229
2986,28
4652,1694
56,3332
1698,4974
3353,249
4985,1881
629,3516
2272,5159
3912,771
5557,2416
634,4060
2304,5730
3952,447
5614,2109
248,3745
1887,5384
3405,616
5188,2399
287,4055
1858,5626
3630,826
5275,2471
28,4110
1666,5748
3326,220
4967,1861
6607,3501
610,5141
2249,57
177,177
629,1813
2291,3475
46,466
1496,0
3131,1635
4769,3273
689,4914
2334,6559
3977,248
5618,1889
7263,3534
501,5182
2135,6816
3774,8455
5414,362
7066,2014
990,3653
2632,0
4269,1637
409,4678
2314,6583
3953,220
5599,1866
275,3512
1914,5151
3580,288
5219,1927
82,3557
1717,5192
3379,6854
5011,1316
6654,2959
771,4601
2414,6244
4055,827
5706,2478
1349,4142
2984,5777
4627,0
6011,1384
7912,3285
495,4932
2142,6579
3704,140
5437,1873
7081,3517
1248,5168
2893,6813
4537,29
6198,1690
28,3331
1670,4973
3320,1
4957,1638
1306,3282
2939,379
313,2051
1981,3719
3630,333
5266,1969
0,3600
1639,5239
3285,0
4927,1642
6570,3285
1010,4916
2645,6551
4279,1317
5929,2967
1411,4693
3055,1
4694,1640
383,3273
2035,4925
3666,631
5304,2269
681,3905
2325,5549
3957,7181
5588,1203
7217,2832
8842,4457
629,6150
2260,7781
3891,517
5571,2197
7200,3826
847,5457
2504,7114
586,1161
2197,326
609,1935
309,309
610,135
2232,1757
627,3378
2074,174
1493,766
3116,2389
519,4013
2146,5640
3768,7262
5442,1674
865,3585
794,1193
833,163
2541,1871
777,3611
2415,221
4053,1859
1020,3501
2655,220
1080,0
2722,1642
781,3303
2453,4975
243,243
1890,1243
0,2877
123,218
1,1182
1378,1620
779,1394
2417,410
473,2051
2122,501
552,2138
2197,609
607,2245
2255,605
442,2245
40,93
345,304
279,199
1398,715
575,2349
2224,412
84,2048
137,1366
1776,54
3429,1707
1238,3351
2886,885
605,2528
2254,446
139,2087
1783,83
3432,1732
1311,3386
2950,1130
795,2758
2433,575
382,2210
2036,83
3675,1722
1319,3358
2958,907
412,2542
2067,221
0,1862
1642,3504
3321,1042
906,2683
2542,411
0,2047
1636,3683
3275,906
412,2540
2079,242
1088,333
285,316
1168,1181
2820,186
854,195
1874,1215
1688,3482
3323,411
4960,2048
992,3694
2630,386
4271,2027
1202,3658
2849,5305
4481,1318
6113,2950
7752,4589
9383,6220
438,7853
2074,9489
3704,11119
5337,12752
6964,14379
8597,763
10227,2393
11860,4026
13494,5660
15136,7302
114,8936
1773,10595
3433,284
5071,1922
219,3561
1865,5207
3510,84
5155,1729
0,3372
1661,5033
3303,6675
4943,8315
6590,249
8233,1892
933,3530
2570,988
880,2629
2528,688
468,2331
2110,466
442,2109
2079,248
3719,1888
961,3598
2602,355
4243,1996
1014,3634
2661,29
4300,1668
549,3308
2185,4944
3821,1636
274,3274
1911,4911
3546,603
0,2239
1666,3905
3299,302
4937,1940
632,3583
2269,0
3901,1632
275,3269
1909,4903
3556,609
5193,2246
1636,3882
3281,279
4924,1922
659,3559
2317,16
3954,1653
357,3291
1995,4929
3633,823
28,2466
1667,4105
3293,466
4924,2097
1152,3734
2794,247
4430,1883
577,3522
2312,5257
3954,1642
443,3289
2086,4932
3735,730
5372,2367
1648,4015
3284,494
4943,2153
825,3792
2464,250
4105,1891
785,3547
2594,286
84,1934
1728,1
3421,1694
1053,3398
2681,137
4359,1815
990,3452
2633,822
598,2512
2241,331
119,1977
1764,57
1,1694
1635,3328
3275,968
632,2590
2262,409
3903,2050
0,3800
1625,5425
3257,7057
4874,8674
6490,10290
8104,11904
11331,15131
12952,819
14566,2433
16179,4046
17794,5661
19416,7283
21030,8897
22650,10517
24261,12128
0,13740
1614,15354
3226,16966
4844,18584
6461,20201
-1,-1
0,901
-1,-1
-1,-1
-1,-1
-1,-1
-1,-1
1076,-1
2710,-1
4349,765
5991,2407
742,4044
2377,5679
4018,714
5657,2353
6996,3692
1634,5636
3279,7281
4913,274
6548,1909
8182,3543
221,5180
1860,6819
3483,8442
5120,1233
6767,2880
716,4524
2348,6156
3987,1211
110,2858
1744,28
3376,1660
1,3297
1631,4927
3267,29
4900,1662
448,3305
2090,4947
3725,304
5387,1966
462,3614
2094,5246
3732,308
5362,1938
7003,3579
1214,5219
2852,6857
4547,488
264,2142
1902,29
2113,0
3724,1611
551,3238
2186,1171
936,936
576,2621
2214,4259
3960,6005
922,498
413,2135
1921,32
1565,1298
1298,2918
374,1621
2019,1538
979,3188
2629,87
4317,1775
573,3456
2208,1
3845,1638
494,3270
2157,4933
3794,1321
5420,2947
1531,83
3215,1767
635,3403
2274,148
333,1782
1971,0
3604,1633
557,3276
2202,56
3837,1691
577,3329
2215,55
3873,1713
2392,806
467,2414
2092,466
603,2072
2221,1296
1293,0
768,1
1,1652
1637,546
472,2234
527,527
561,0
1854,1293
1112,3354
2764,138
204,1460
2177,1366
904,2990
2575,4661
314,0
325,580
1740,1831
1724,1
3372,1649
1518,83
0,1716
1643,84
441,1733
2079,139
0,1801
1638,3439
3277,551
28,2193
1670,3835
3310,387
0,2035
1632,3667
3276,1327
803,2973
2455,591
548,2229
2195,521
509,2170
2151,413
84,2081
1722,1
3355,1634
1631,3265
3298,1325
0,2956
1635,4591
3338,436
1241,0
522,1721
82,1201
1721,578
1320,2390
2975,448
4623,2096
1293,3736
2933,220
4567,1854
830,3499
2479,0
4120,1641
2225,4922
3882,1342
372,2806
2196,4630
249,1279
1920,276
84,1901
1715,3532
3349,1258
879,2896
2029,91
4176,2238
1324,3878
2957,324
4594,1961
850,3597
2480,84
4113,1717
576,3355
2207,4986
3847,1640
550,3277
2195,4922
3836,1016
82,2656
1756,4330
3397,1073
570,2763
2208,4401
3852,1080
522,2712
2157,82
3798,1723
1206,3360
2844,576
359,2222
2002,29
3650,1677
1219,3322
2851,576
30,2222
1750,3942
3197,1132
607,2299
2264,592
25,1702
111,958
1752,86
3393,1727
1035,3361
2676,141
4304,1769
272,3537
1924,30
1,1680
1198,2877
1,1676
1636,0
3273,1637
1234,3267
2874,961
578,2604
2221,579
551,2226
2243,388
222,2038
1869,546
497,2182
2134,385
139,2024
1774,82
28,1716
1669,0
3306,1637
1211,3277
2846,634
575,2272
2214,546
495,2186
2128,383
138,2016
1776,83
28,1721
1664,0
3303,1639
1320,3274
2961,1020
633,2661
2274,579
555,2221
2193,470
330,2106
1968,84
28,1723
1663,3358
3308,1330
928,2963
2561,551
472,2186
2110,386
109,2008
1744,56
1,1699
1637,3335
3277,1360
748,3011
2392,581
526,2227
2166,467
414,2107
2051,274
138,1908
1784,84
28,1717
1666,0
3307,1641
629,3275
2273,583
554,2231
2194,550
553,2197
2186,549
551,2186
2188,549
522,2192
2163,498
495,2144
2131,494
495,2133
2140,499
411,2138
2039,381
302,2020
1939,111
55,1754
1694,1
3320,1627
1099,3259
2736,743
579,2375
2222,553
498,2186
2137,442
386,2084
2029,140
84,1777
1776,0
3419,1643
1211,3283
2855,935
808,2638
2450,578
551,2223
2182,494
301,2135
1943,83
1,1734
1639,3372
3273,1557
964,3195
2606,580
547,2214
2181,495
384,2150
2018,138
55,1780
1703,1
0,1647
1646,3293
3282,580
495,2232
2132,220
28,1859
1672,28
29,1663
1667,1
0,1638
1637,3275
3274,273
4901,1900
28,3531
1650,5153
3296,551
465,2185
2098,388
137,2018
1783,57
3420,1694
5061,3335
464,4975
2095,6606
3714,8225
6935,11446
8549,13060
917,887
0,271
401,758
396,395
-1,-1
147,147
184,168
150,150
454,3348
2051,4945
3652,6546
5250,8144
6852,9746
8448,11342
10048,12942
11651,14545
13249,1227
14848,2826
16441,4419
18031,6009
566,9334
2182,10950
3864,400
40,571
4,4
497,1039
2121,494
415,2138
2047,138
56,1773
1693,1
3331,1639
1326,3284
2967,659
548,2296
2190,524
468,2161
2109,387
83,2019
1704,56
0,1694
1641,3335
3277,1211
917,2858
2570,585
471,2222
2127,88
3798,1759
943,3403
2622,1250
1265,2882
56,1645
1695,138
303,1779
1948,444
625,2157
2276,556
1540,0
28,1650
1714,141
246,1783
1894,334
332,1969
1968,441
222,1818
2137,547
585,2193
2236,251
3875,1890
1122,3590
2769,830
0,2469
1740,4209
1271,2954
2918,1215
906,2861
2548,826
502,2479
2146,303
109,1941
1745,0
3386,1641
1264,3276
2913,977
0,2627
1640,4267
3283,1272
1182,2912
2818,877
387,2521
2025,137
3669,1781
1296,3413
2935,1100
878,2740
2527,470
83,2140
1734,3791
3367,902
1328,84
382,1716
2020,551
966,2248
2614,1108
918,2777
2557,851
853,2607
2759,631
1023,84
687,1848
1,1261
1650,164
508,1816
2172,553
589,2186
2228,721
852,2353
0,1098
1638,28
83,1656
1719,220
389,1870
2066,470
608,2114
2339,798
741,2438
2381,802
747,2450
2381,1016
1324,56
303,1692
1948,467
413,2107
2049,55
1233,584
1057,2218
83,1343
1724,1
3365,1642
1630,3278
3270,1325
1211,2966
2849,906
828,2548
2465,602
592,2257
2232,550
550,2207
2186,575
558,2217
2202,550
579,2182
2229,614
606,2266
2249,582
2296,632
551,2281
2211,524
497,2163
2143,391
534,2038
2202,558
664,2393
2630,1402
1354,3120
2994,1218
1273,0
28,1645
1664,110
3333,1779
4964,3410
1368,5109
3008,1043
491,2679
2142,4330
56,1310
1744,85
138,1734
2027,166
84,1808
1712,3436
3378,110
5016,1748
470,3378
2110,5018
3738,6646
5363,8271
6986,1316
8607,2937
10240,4570
11867,6197
1328,7846
3079,512
111,2158
1809,110
56,1756
1694,28
1,1685
1643,3327
3270,1320
742,2962
2377,633
580,2274
2219,551
493,2195
804,799
232,232
1869,1869
56,3530
223,271
1874,493
138,2130
1790,57
29,1737
1672,3380
65,65
1944,2065
3585,1325
446,2964
2087,0
3745,1658
579,3297
2212,300
1,1941
1641,3581
3303,656
440,2295
2091,1
0,1659
1643,3302
3377,584
5044,2251
845,3876
2533,150
4343,1960
1097,3657
2725,5285
15,15
29,466
225,1387
574,503
2370,2299
746,28
706,1851
0,46
721,721
108,109
1739,849
1010,910
1620,1620
516,275
843,313
2477,1947
514,514
29,2305
162,81
335,28
1062,1106
153,77
735,1
465,1630
139,1144
1852,390
499,561
1,388
1010,1061
298,83
797,559
2420,2182
4048,3810
88,5560
1770,393
3399,2022
16,16
8,3
1511,631
1498,2446
3142,1210
580,2848
2224,221
56,1856
1705,3505
3344,743
431,2382
2072,1
222,1636
1851,1
3497,1647
854,3287
2530,587
0,2228
1636,3864
3418,715
5060,2357
631,3998
2272,5639
3905,1206
5530,2831
7157,4458
8793,6094
432,7719
2071,9358
3700,10987
5327,28
6950,1651
0,3303
1680,4983
3306,738
579,2390
2246,138
3874,1766
583,3405
2219,0
3861,1642
580,3303
2224,330
555,1989
2193,110
0,1761
1635,3396
3303,1349
1397,3060
3054,1287
1211,2931
2856,583
495,2218
2136,224
55,1863
2281,444
1,2100
1657,3756
3355,1267
1248,2919
2893,1243
419,2893
2079,4553
3733,1312
916,3046
2559,1
4322,1764
746,3410
2388,607
550,2237
2177,438
220,2089
1855,55
3508,1708
466,3357
2100,4991
3725,801
0,2463
1671,4134
3287,464
4909,2086
6537,3714
8148,5325
0,6944
1615,8559
3229,10173
4846,11790
6463,13407
8092,15036
9711,1305
11327,2921
12943,4537
14562,6156
1800,409
1020,70
2693,1743
42,573
2355,2886
-1,-1
-1,-1
-1,-1
-1,-1
609,-1
331,1209
58,926
30,127
84,1236
1721,275
424,1957
2053,247
219,1881
1862,82
1,1725
1649,3373
3281,1040
581,2691
2210,1
3846,1637
827,28
439,1670
29,820
1670,466
852,55
493,1689
56,912
1694,493
963,84
521,1725
84,906
1723,496
881,56
442,1697
28,745
1664,440
825,28
464,1663
56,854
1691,492
911,55
493,1693
55,876
1686,494
911,58
496,1703
28,797
1668,413
714,1
330,1647
1977,634
1640,276
606,1945
193,1300
1893,552
1073,83
496,1718
28,820
1669,413
745,1
332,1642
1977,635
1325,219
577,1854
113,1126
1775,521
1014,84
498,1727
55,847
1694,439
758,40
385,1704
1,714
1649,332
659,0
248,1637
1893,580
1278,221
549,1864
110,1194
1753,524
911,57
467,1696
28,800
1669,385
689,0
276,1646
1916,577
1239,201
578,1854
250,1334
1899,634
1329,332
747,28
417,1733
0,715
1637,330
1263,418
387,2074
2024,383
3652,2011
220,3634
1849,5263
3527,6941
5247,924
550,2560
2206,609
589,2282
2216,3909
3854,1323
0,3022
1641,332
658,0
279,1638
1911,631
1368,274
604,1909
249,1328
1888,581
1209,139
547,1777
84,1069
1731,521
1076,110
554,1753
137,1134
1781,552
1096,111
551,1752
83,1014
1720,496
902,83
494,1724
56,879
1699,493
852,56
495,1696
55,857
1697,469
853,56
468,1691
29,821
1669,442
748,29
413,1680
28,742
1665,411
742,29
436,1663
28,768
1670,416
750,29
412,1693
28,713
1670,384
717,1
386,1643
1,696
1646,328
633,1974
219,1324
1857,578
1149,111
346,519
0,659
631,387
1253,329
658,0
329,1640
0,632
1647,246
605,1886
249,1325
1901,619
1396,2332
3037,27
4710,1700
28,3345
1671,4988
3313,549
4964,2200
632,3836
2270,5474
3912,941
5551,2580
644,4223
2295,5874
3934,882
5579,2527
1342,4185
2978,222
4612,1856
608,3502
2253,5147
3888,441
5538,2091
1154,174
2795,1815
1329,3458
2973,1360
745,3013
2397,4665
4094,839
28,2483
1658,4113
3289,497
4931,2139
298,298
1956,935
3589,2568
1319,4201
3021,474
904,2228
2547,587
553,2228
2206,496
414,2134
2062,250
111,1900
1779,87
1,1749
1659,3407
3316,869
419,2518
2063,1
3724,1662
985,3325
611,1339
2246,0
3912,1666
55,3305
1685,4935
3323,576
4966,2219
513,3876
2147,5510
1093,425
1182,86
2819,1723
577,3363
2221,200
181,1859
1819,83
28,1724
1667,1
439,1633
2081,414
276,2057
1922,29
3567,1674
676,3320
2321,4965
3967,194
5609,1836
274,3467
1925,5118
6,745
1650,2389
3291,964
444,2614
2093,155
28,1787
1672,3431
3322,1049
921,2694
2550,1466
417,3103
2051,4737
3685,605
5321,2241
957,3875
2582,5500
4223,222
5883,1882
1371,3568
3018,630
647,2300
2313,633
551,2273
2204,83
3848,1727
0,3359
1679,5038
3303,1315
1361,2991
3026,692
838,107
274,1765
1916,304
356,1942
1998,303
357,1939
1990,357
273,2001
422,883
2063,549
578,2192
2,30
20,4
30,9
35,10
59,19
8,34
49,5
1512,783
110,2420
1749,4059
3385,984
127,2653
1770,4296
3407,933
1,2593
1666,4258
3303,413
4946,2056
495,3688
2158,5351
3788,359
5456,2027
385,3661
2021,5297
3647,6923
5350,428
768,56
495,1694
83,904
1710,519
1070,137
552,1780
220,1210
1859,575
1296,276
656,0
385,1635
28,747
1664,465
877,82
550,1716
219,1123
0,604
1641,385
745,29
467,1669
56,838
1691,494
991,139
577,1773
220,1232
1847,545
3464,2162
0,3777
-1,-1
356,-1
-1,-1
-1,-1
57,57
-1,-1
0,-1
1763,48
551,551
187,627
237,237
284,132
1077,740
-1,-1
-1,-1
-1,-1
83,-1
390,2789
3719,1151
1014,4324
-1,-1
-1,-1
-1,-1
-1,-1
-1,-1
2784,-1
1811,1091
40,40
1792,671
322,1042
2136,938
27,15
-1,-1
1133,156
7137,6160
1164,122
1861,929
1604,412
-1,-1
-1,-1
641,1273
3479,1044
1949,399
-1,-1
33,1103
2956,1616
-1,-1
-1,-1
469,-1
923,-1
2195,789
525,1405
3160,1607
-1,-1
1641,503
76,2011
3089,1679
-1,-1
80,-1
1656,480
1171,2400
1293,2072
3111,1551
357,1850
-1,-1
316,2044
1836,47
-1,-1
503,1839
1151,2952
524,1879
-1,-1
-1,-1
50,373
-1,-1
1302,592
-1,-1
1671,553
6019,2170
1523,556
537,2233
1744,76
1831,132
1996,384
2130,420
1591,736
-1,-1
560,458
2803,1172
-1,-1
309,7
2913,786
399,305
1043,2720
2097,453
-1,-1
-1,-1
1078,2784
3550,1696
2177,728
1476,300
2436,523
2365,779
3104,27
761,3038
173,1292
2718,1211
-1,-1
340,304
265,14
2397,1097
4000,2700
475,2060
1164,5140
3377,1410
356,2359
1992,95
771,2903
1823,212
3003,1413
1014,3678
2939,1464
974,2272
2239,1182
1940,3756
417,82
345,1506
238,1238
472,83
1901,1512
2056,548
2994,1592
810,1796
-1,-1
267,1277
1608,3543
2576,0
345,1240
2185,823
-1,-1
1985,1912
-1,-1
353,2270
1318,4701
-1,-1
-1,-1
70,179
59,60
573,754
2019,963
980,211
603,1359
989,3011
522,1997
373,1681
2296,903
345,2631
2,3308
-1,-1
-1,-1
698,1063
1907,634
2000,979
1039,2324
597,1431
1996,970
2666,1163
1587,3316
529,2477
4822,6352
1114,2189
2919,1208
3082,1725
888,2839
1738,777
1077,2947
2079,853
0,0
1784,141
2904,1230
574,0
-1,-1
1280,24
914,2003
294,53
1192,164
468,468
625,28
1655,3389
2795,1059
2089,79
2585,982
1891,3991
0,225
1820,325
902,2253
2749,1357
684,3091
2603,673
2459,481
2455,699
1545,518
2249,180
1116,2742
1415,790
0,3
774,2069
398,1525
2499,767
1940,246
2108,684
2204,550
2139,940
2366,902
2384,1243
1807,797
1264,3076
691,2340
1971,459
379,1757
1606,125
1987,555
1749,181
14,14
1566,1101
1981,335
1324,17
-1,-1
509,1381
1607,2029
889,2348
3284,1596
2631,1299
4646,2143
1971,3521
756,0
382,2119
1276,2823
446,2014
1973,423
-1,-1
594,300
3448,936
1575,4650
371,2153
718,-1
-1,-1
1059,2941
2629,200
1117,4053
428,48
264,152
2516,4227
2692,56
1058,2701
164,1115
1814,791
3210,2187
276,1939
1969,243
-1,-1
677,344
319,525
3181,1953
1417,1379
3897,1185
3315,830
2265,5011
3206,1577
2037,384
36,0
580,370
1850,496
659,2169
6097,3225
-1,-1
119,-1
2351,162
1322,177
-1,-1
3,347
1446,154
3671,478
4560,2381
983,3576
1441,3981
-1,-1
1137,1137
1931,297
83,372
471,1689
857,2207
1648,24
331,361
57,23
33,56
-1,-1
910,1060
3176,1522
682,364
1544,2206
1356,507
-1,-1
3308,1337
1036,2424
834,3197
1625,3252
4731,2256
165,2102
4090,1843
-1,-1
2008,630
1428,4679
119,1692
4289,8226
990,2594
437,286
5265,2398
342,2340
2023,365
2359,945
103,882
708,323
3151,1171
110,2520
191,4740
325,496
924,448
1902,844
152,1762
1768,131
276,2017
359,2018
2775,1228
581,2234
1597,1265
1649,3011
671,-1
2220,689
1702,346
1931,3777
0,0
0,0
3534,486
1,0
0,0
1,1
29,29
18,1285
1,0
1599,3711
1981,483
0,0
-1,-1
510,784
351,348
1059,0
2210,1151
2286,358
538,208
2735,6675
2900,1379
4021,730
49,49
118,242
462,-1
6417,3148
842,1129
4003,1632
4621,2395
511,3150
3420,2756
115,2377
391,5
-1,-1
1495,194
277,3728
4431,7074
4376,2295
1482,3270
1326,3145
1237,2708
2262,853
1500,468
-1,-1
160,411
1220,2311
425,2049
141,359
354,-1
1149,331
200,1445
501,136
225,1106
791,2607
885,1966
933,2182
2048,624
1591,3220
2353,514
1815,5780
840,2030
381,1514
830,1904
6,928
156,1705
501,1559
932,2656
1785,933
896,2057
1188,47
747,1112
2023,700
2616,1635
395,1202
1,0
-1,-1
1495,306
1886,4226
472,2879
388,53
1418,1083
175,132
3066,349
304,321
2484,629
760,150
2151,1288
44,-1
445,1534
588,28
-1,-1
387,2019
1064,2383
208,2335
190,-1
1860,674
1913,636
-1,-1
976,1808
918,458
4005,1917
403,1339
2270,634
4,1555
4,14
375,2330
316,609
1780,253
472,715
161,168
185,1340
378,970
113,964
1048,636
2116,903
1895,3822
9012,408
860,2162
478,1604
1161,3135
2624,4826
1,0
2086,6051
3355,7320
501,278
1790,899
1040,36
46,1301
1526,2781
2533,854
413,1916
1458,297
962,3172
2821,1006
166,553
789,3036
1481,1223
921,2535
2006,623
306,285
461,696
362,499
743,1773
0,1061
3600,1987
5466,3286
1687,1301
2306,708
2634,862
4011,1778
192,340
1510,1019
656,1369
0,529
931,3325
512,4660
780,1876
642,2169
1121,2560
277,4722
232,3396
-1,-1
757,2087
0,1002
513,1154
347,10
474,985
1603,195
552,1571
5258,2208
1662,4563
497,-1
3185,1610
3887,3170
277,1161
2934,1216
2522,1135
166,23
1595,394
0,0
1424,2867
140,1628
1052,2794
368,1003
1576,186
360,3085
3992,761
403,2423
968,2577
121,1178
91,1143
803,2307
353,1990
482,1828
1491,0
992,3449
2424,745
2109,751
717,1910
2176,555
-1,-1
989,2538
1102,2500
122,1864
2064,5657
1635,4916
681,2885
2743,534
0,0
2114,742
3645,1886
394,10
2300,468
1336,3197
1596,421
803,2802
304,184
174,-1
825,37
467,1345
5503,2572
2601,5273
4091,1786
505,2154
1378,2672
1865,1070
587,2221
528,434
1924,589
2294,741
13,53
189,301
0,2
1614,779
1038,623
81,159
20,32
1081,454
1043,1059
1040,1052
1048,1069
1343,1
1069,1054
30,255
1695,2361
593,1633
659,2100
2024,818
1186,1964
1369,1979
1409,464
119,96
27,437
388,987
1922,269
668,179
1512,266
846,1912
365,33
0,81
496,1046
32,757
29,217
1904,581
981,230
3244,915
36,38
374,1083
1833,605
1730,702
1481,181
470,1622
659,1701
1595,693
767,27
1404,3158
-1,-1
1141,1394
179,280
257,80
125,321
265,99
145,24
2067,1122
2398,1012
2106,798
36,776
1769,652
1384,522
862,114
2075,554
624,2297
1068,2639
3154,155
896,2230
3139,1163
2987,1289
1071,3085
232,1283
661,2905
-1,-1
-1,-1
1301,413
1291,645
1139,288
1591,4017
499,1078
841,2897
1118,2709
1164,3185
362,2672
355,2400
2198,775
88,1158
1058,179
-1,-1
696,806
298,125
430,1172
1064,2623
1507,2547
1079,3578
126,247
71,314
133,1157
35,36
448,119
542,159
1155,125
376,1806
62,325
353,556
-1,-1
9272,15367
661,439
1228,2105
1828,332
83,-1
-1,-1
4014,1398
1623,200
2232,86
171,1884
3266,889
3050,718
721,495
388,2067
53,200
196,58
1280,514
948,540
419,1656
1339,3099
3919,1100
2143,512
0,189
1246,3388
1518,2658
72,176
13,-1
696,530
573,38
4247,1889
2941,1441
2138,1329
1225,5276
398,3853
560,2580
751,2107
1603,3561
-1,-1
164,618
393,1189
0,0
146,19
56,194
35,312
1238,1348
1638,648
869,2302
542,1646
1,945
1619,589
1112,344
703,1967
423,1477
2042,857
1624,539
980,1
591,1626
315,1058
1944,646
1276,397
764,2027
508,1571
2142,891
1615,563
1035,317
645,1936
399,1276
2016,726
1510,480
837,2097
534,1599
2150,890
1617,559
1007,315
596,1948
318,1061
1946,650
1251,401
727,2019
457,1517
2087,871
1630,563
943,2
593,1628
343,1060
1962,675
1522,314
1964,343
426,1961
2042,536
756,2156
2372,837
891,2459
2512,893
957,2526
2580,1002
1033,2625
2652,1058
1083,2677
2707,1171
1273,2788
2895,1426
1489,3055
3106,1506
1533,3124
3155,1566
1561,3184
3187,1597
1623,3221
0,1614
1620,3234
313,1636
1938,314
313,1932
1930,315
333,1932
1969,619
890,2235
1,1458
1618,531
756,2148
2378,1081
1595,371
594,1999
2220,868
1083,2492
231,1538
1941,592
862,2211
2494,1178
1460,2805
3085,1568
1627,316
1084,1941
2710,1460
1593,0
314,1617
1936,429
658,2063
2310,3715
3968,1656
1295,3301
2947,4953
1527,1526
314,3141
1935,4762
3560,595
5191,2226
1292,3834
2924,5466
4544,1537
6158,3151
1622,4774
3245,538
4883,2176
1375,3799
2994,5418
4603,1609
719,3248
2346,4875
3972,1569
426,3191
2052,4817
3674,1483
314,3104
1940,4730
3555,1367
5188,3000
1618,4618
3247,429
4874,2056
1487,3681
3116,431
4243,1558
1574,3714
3203,455
4830,2082
1606,3745
3260,999
842,841
315,2463
4276,120
195,25
4,0
8,12
2,6
6,2
2,8
5,10
0,11
13,5
13,8
11,8
3,9
10,0
11,16
4,14
1,2
0,9
2752,1109
6409,1813
1359,1620
2527,141
4586,2200
590,3819
2205,5434
3823,313
-1,-1
-1,-1
-1,-1
-1,-1
-1,-1
-1,-1
-1,-1
-1,-1
427,-1
2042,-1
3654,1363
1578,2992
3201,1168
4818,2785
1224,4410
2845,6031
4471,1460
6093,3082
1473,4723
3090,2
4708,1620
346,3284
1982,4920
3603,313
5239,1949
620,3570
2246,727
1055,2347
2685,1464
1630,320
369,1944
1990,428
508,2052
2135,566
620,2187
2246,701
1025,2320
2649,1226
1617,307
371,1933
1991,423
511,2044
2129,561
597,2189
2218,728
1057,2346
315,1238
1937,368
419,1979
2055,559
622,2182
2275,756
1072,2439
2687,4054
522,382
240,227
1060,1
728,2188
1,1171
1635,624
1277,315
645,1941
316,1306
1936,648
1369,308
678,1934
317,1401
1938,675
1428,316
701,1938
346,1462
1997,731
1492,404
917,2021
539,1601
2178,1128
1630,625
1301,343
673,1984
315,1429
1939,646
1273,1
2216,1061
1595,481
1106,2128
565,1625
1,1172
1631,592
1146,2214
2770,1460
1602,454
854,2119
309,1370
1945,575
1057,2199
424,1590
2049,813
1240,0
1941,649
1371,424
838,2045
563,1620
318,1036
1956,714
1511,509
895,315
619,1938
427,1279
2053,815
1624,565
1030,316
671,1936
453,1465
2078,867
1624,594
1166,395
758,2020
540,1600
346,1035
1969,704
1510,476
899,318
594,1946
523,1315
0,895
1635,596
1172,372
703,1999
483,1465
2118,907
1626,596
1161,362
727,1978
508,1534
0,891
1620,564
1028,316
671,1935
453,1430
2071,834
946,1
592,1622
398,1221
2039,831
970,2471
2598,983
1591,426
756,2047
315,1297
1939,616
1005,2249
722,1684
2377,1091
315,2721
1936,4342
3561,1461
1030,3084
2649,0
4276,1627
1395,3269
3070,1479
2908,1223
1545,316
592,1937
2213,975
1264,2610
402,1599
2028,650
1106,2262
1,1486
1624,564
971,2179
1479,2984
314,1592
1937,592
726,2212
2351,1083
1430,2706
453,1623
2074,591
1175,430
874,0
596,1633
481,1305
314,916
1934,673
892,316
677,1943
507,1457
315,947
1933,668
1468,483
890,315
644,1933
452,1454
306,882
1928,648
1367,480
897,314
652,1941
481,1457
316,899
1942,650
1464,486
887,306
326,1993
1990,3657
3611,1304
318,2930
1948,4560
3584,1225
5210,2851
1651,4502
3277,1114
346,2745
1961,4360
3587,1196
809,2816
2446,0
4082,1636
924,3264
2596,4936
4251,1654
785,3295
2421,4931
4076,1258
313,2956
2060,315
3667,1922
362,524
1343,176
1525,3459
534,2209
2160,401
312,2053
1932,1
3550,1619
1618,3238
3238,1619
1540,3243
3163,1359
1282,343
816,1972
0,1139
1634,461
876,2110
2503,345
4129,1971
1537,3592
3195,539
4818,2162
1621,3785
1027,2385
2645,1248
1479,2864
314,1618
1946,508
825,2164
780,1511
2400,1028
1456,2643
311,62
823,2535
400,2435
2780,7273
305,264
1400,4180
2307,4796
2135,992
971,341
700,1348
152,-1
609,1244
2558,1206
25,1648
1296,2119
2186,776
523,865
1,0
18,125
345,5
-1,-1
1022,2063
1649,367
3889,1677
308,210
3110,884
629,1468
2116,1042
1387,269
1491,2848
446,2453
250,158
1328,1803
2953,1309
1284,2936
2903,1277
1602,0
832,576
1293,2215
2922,1309
1286,2939
2930,1298
1729,3700
0,1305
1628,88
257,1715
1882,365
452,2009
2076,674
904,2305
2545,1023
1065,2651
2698,1179
1226,2808
2862,1263
1117,2892
2740,646
110,2257
1753,3900
3372,1300
826,2934
2452,900
1309,310
387,1933
2030,453
846,2089
2488,941
1016,2588
2639,1032
1096,2666
2707,1186
1250,2807
2872,1306
1298,2919
2931,1318
1310,2943
0,1303
1655,88
503,1726
2125,1058
1311,0
255,1619
1910,667
1140,2316
31,1339
1686,427
947,2047
0,1324
590,2039
2240,1282
1330,2929
2967,878
178,2531
1806,0
3429,1623
1314,3255
2934,703
123,2353
1777,0
3411,1634
1330,3284
2974,687
452,2326
2096,2
3727,1633
1335,3282
2969,679
56,2303
1686,3933
3345,1344
486,2993
2131,4638
3760,1314
876,2949
2532,30
4169,1667
1333,99
1289,1726
2931,1325
-1,-1
1323,429
1341,2085
2886,1231
1333,2967
2940,4574
4549,1295
6157,2903
1299,4507
430,583
111,324
551,1016
440,1394
582,1370
-1,-1
1033,2653
821,1943
1652,674
4196,1549
232,86
1354,48
501,1378
2507,902
2395,1126
1189,2485
1998,3714
65,0
2463,531
1,0
2459,1227
2644,1091
2297,739
1862,563
508,1782
2087,201
2246,1134
1048,46
1629,810
1536,1061
4604,3050
3680,3706
-1,-1
-1,-1
290,427
130,104
259,286
1007,1735
2166,2894
290,1698
645,1792
1162,47
845,2503
539,672
1772,145
1548,216
243,27
53,1701
1409,3038
788,2507
530,1631
-1,-1
526,30
2565,1318
893,324
989,373
1876,3973
776,1556
2452,1033
1422,518
189,1
3621,1497
11,48
741,2237
1645,662
200,2162
690,209
937,2077
4565,1738
216,276
1514,1574
4688,2380
2795,384
1126,2647
2544,973
1295,2759
608,1542
65,1720
1002,236
4142,2352
191,11
2239,3070
0,1
1808,1196
1002,2502
390,1475
-1,-1
75,1158
1951,738
804,1911
201,201
2586,1127
1860,3369
1724,202
2428,4062
-1,-1
1141,535
155,33
985,1742
1441,368
258,43
64,1216
1979,426
1746,116
2316,1125
708,1476
1,1
192,0
620,1591
78,989
354,1161
1,0
0,0
123,123
515,110
859,1473
1083,2371
830,707
1086,1116
992,1703
2252,806
0,684
2130,469
80,232
-1,-1
-1,-1
1178,677
2631,905
2685,5877
788,2419
40,3307
947,2167
672,3831
-1,-1
339,141
907,2460
496,1165
1610,1057
-1,-1
1072,239
1851,135
1013,2367
586,0
1673,1156
2485,1185
4728,1439
4142,916
152,174
1397,742
307,2258
3000,694
4574,9365
2017,785
507,1
635,1209
689,113
232,387
398,668
2474,1144
136,1122
-1,-1
489,-1
852,1278
548,1847
2644,1442
1620,3244
-1,-1
1036,143
490,0
3926,1804
0,0
1187,4093
2517,5212
402,162
878,439
1525,994
1066,3516
0,0
1947,418
4548,1193
3216,1526
1,3
-1,-1
8,1454
582,1039
2605,535
129,1332
2160,274
286,980
314,1712
-1,-1
1324,554
1581,249
1950,840
0,0
1653,3368
3816,1651
4998,3327
2285,571
58,545
-1,-1
-1,-1
1585,2176
100,919
1174,364
287,2085
1,0
2212,952
0,0
566,2187
2735,70
1035,291
862,253
887,213
1497,485
2838,1344
-1,-1
832,1606
1135,2130
749,3196
2377,1144
6684,3080
2374,963
2947,3563
958,51
539,1322
1635,1019
1024,2466
1256,3815
315,2726
665,76
2879,6160
11,295
230,827
1175,598
655,3109
